time,x,y,z,phi,theta,psi,x_velocity,y_velocity,z_velocity,phi_velocity,theta_velocity,psi_velocity,rotor_speed1,rotor_speed2,rotor_speed3,rotor_speed4
0.06,-2.93295396711e-07,5.71710376966e-08,10.0007505319,7.50203073601e-05,0.000305158142224,0.0,-2.50673609815e-05,5.41591013039e-06,0.0250172277048,0.00364074286418,0.0136953200188,0.0,412.160761959262,413.369090514946,411.92354943471577,412.24529213433254
0.12000000000000001,-1.18983604134e-05,3.0998466833e-06,10.0068688155,0.000438527358114,0.000844435927902,0.0,-0.00043906589275,0.000128442854424,0.178913128233,0.0105017721103,-0.00265464869792,0.0,454.4103354533801,453.09792437099486,453.3340008210896,453.8847729404265
0.18,-5.56105218813e-05,2.25967866723e-05,10.0213400219,0.000907014823064,0.00058055015385,0.0,-0.000995897865963,0.000580139477603,0.303434818558,0.00178792671438,-0.00813551432211,0.0,444.28585575392674,443.83641318127917,445.6152075901078,444.90234081231824
0.23999999999999996,-0.000126485143356,7.78292804579e-05,10.0440192709,0.000740775550274,0.000339960269814,0.0,-0.00132791428647,0.00125993524029,0.452492312596,-0.0139533423801,0.00317574060673,0.0,451.47442502305745,452.3860623652728,453.33469817474594,452.0683319196563
0.3,-0.000214814214836,0.000166535212513,10.0760353222,6.28295302547,0.000720568391077,0.0,-0.00164884373029,0.00159671125093,0.614635721749,-0.0211812883451,0.0120263767286,0.0,456.4682595164226,457.1737997886126,456.328608039272,455.7514485371601
0.36000000000000004,-0.000331237467721,0.000252746892529,10.1158407979,6.28172475308,0.00124133937324,0.0,-0.00229605627805,0.00115006855076,0.712157130527,-0.0190876963885,0.000966294797083,0.0,436.4134780938447,435.48935843624014,437.00066517838053,437.1751294179519
0.4200000000000001,-0.00049685404963,0.000285094004371,10.1628833053,6.28067748273,0.00160003960754,0.0,-0.00324862149339,-0.00019038107029,0.855829224841,-0.0143735184185,0.0144808066773,0.0,450.80397754948103,451.89445265470425,450.6272203066981,451.00815590735465
0.48000000000000015,-0.00072832901595,0.00021957533539,10.2169214331,6.28000149914,0.00304862438462,0.0,-0.00458835879466,-0.00207002455044,0.945371063173,-0.00568176462073,0.0386128813713,0.0,433.7144225434842,435.73634242638053,433.5667616586908,434.29641856276845
0.5400000000000001,-0.00106644236003,3.73343016539e-05,10.2738719625,6.27971121464,0.0059222322353,0.0,-0.00691528884537,-0.00403248238767,0.952972529236,-0.00320187263021,0.0619219476069,0.0,406.3842891191262,408.4695665816566,407.37580434823457,407.5975492140031
0.6000000000000002,-0.00165118894463,-0.000293516502748,10.3391022148,6.28029007854,0.00940976359156,0.0,-0.0130333277746,-0.00696052203518,1.22111881308,0.027495070778,0.0491840908374,0.0,489.12094202358463,488.173484640249,486.7589125936281,489.0503939703132
0.6600000000000003,-0.00265943502337,-0.000769584743833,10.4174284061,6.28226956975,0.0119370854075,0.0,-0.0208871791912,-0.00870245304537,1.3895617719,0.0421843838405,0.021714603446,0.0,461.18321779389436,459.00945590147717,458.50509496882887,459.67088145459695
0.7200000000000003,-0.00416208661189,-0.00130060132561,10.5036299824,0.00189588132909,0.0129486752762,0.0,-0.0293192433403,-0.00872655529187,1.48370485298,0.0548686797117,0.00475356376875,0.0,438.63860307744847,437.22787123783274,435.4868881123066,436.54782614909305
0.7800000000000004,-0.00623485003632,-0.00176329163116,10.5991164846,0.00555316485103,0.0128804244027,0.0,-0.0397866015051,-0.00628104434676,1.69888247334,0.0709634212038,-0.0167872857141,0.0,474.87733878133463,473.2222881699769,473.6754088873093,474.91374201760453
0.8400000000000004,-0.00887279950579,-0.00201495854878,10.7031480612,0.00953946365042,0.0117462331155,0.0,-0.0480397213573,-0.00170452665746,1.76872955796,0.0553659005783,-0.0235114209157,0.0,430.4642545345777,429.8949392488734,430.6996974391233,429.38198078930276
0.9000000000000005,-0.0120381328792,-0.00186672513999,10.8162539374,0.0131148497539,0.0101367768509,0.0,-0.0572848101354,0.00706241871088,2.00108684469,0.0669214379333,-0.0344451371701,0.0,479.7378116052383,478.9068274645868,480.28568439506574,481.16341558750736
0.9600000000000005,-0.0156470049737,-0.00119899344806,10.9362672309,0.0167525206806,0.00771873911972,0.0,-0.062819447461,0.0155320527386,1.99935623708,0.0434609118084,-0.0558121493555,0.0,407.8723190722602,405.958507641555,409.0034511142153,406.91157950839374
1.0200000000000005,-0.0195600403759,8.18877888802e-05,11.0588047087,0.0195631581981,0.00448981911419,0.0,-0.0672859522003,0.027432741299,2.08507121623,0.0528702262441,-0.0500955180412,0.0,435.7094225872414,436.18507617961893,436.2396554377385,437.02594178225837
1.0800000000000005,-0.0236881491424,0.00219344228053,11.1893501027,0.0228214418209,0.0011764280066,0.0,-0.0699595167166,0.0433121812287,2.26609466123,0.0570285555697,-0.0682072624607,0.0,467.3772818550494,465.961608658201,465.2373048592216,465.56457321026704
1.1400000000000006,-0.0278936289246,0.00522802970545,11.3261999076,0.0269593994832,6.28018106669,0.0,-0.0698447526295,0.0581917616194,2.29549821389,0.0858896767172,-0.0727924722341,0.0,419.2311554832649,418.8285438852937,417.8713083547959,420.3832599684564
1.2000000000000006,-0.0319857951056,0.00944332543579,11.4721998467,0.0319066938232,6.27537618616,0.0,-0.0659854337835,0.0829490749547,2.57056870682,0.0745112526221,-0.101528035939,0.0,495.0831180582037,492.95956849787837,494.76379133697304,493.9301255039661
1.2600000000000007,-0.0357479618567,0.0151424083566,11.6308287177,0.0363883094284,6.26910184844,0.0,-0.0587513496592,0.107496124355,2.71670140375,0.0750555987939,-0.111480700164,0.0,457.3636801788105,456.56104341864886,458.31184454766526,458.35929010073704
1.3200000000000007,-0.0389357060768,0.0224131877703,11.7982000835,0.0414480969776,6.26242217303,0.0,-0.0467857139363,0.135374052138,2.86195922674,0.098347316343,-0.111024379396,0.0,457.8901209246843,457.9158379504336,457.4538795313876,459.31020349275855
1.3800000000000008,-0.0413294987203,0.0313354120506,11.9710490205,0.0473527625391,6.25558955667,0.0,-0.0323840561528,0.162576118814,2.89953715756,0.0985382414704,-0.120292078074,0.0,424.77098868341545,423.96317288976013,425.5189307271122,425.5440611458674
1.4400000000000008,-0.0425947990626,0.0422262005827,12.1507984969,0.053279563813,6.24888599622,0.0,-0.00900648873773,0.201108624187,3.09155164814,0.0992588770541,-0.0985473505874,0.0,472.8715619635204,474.5331447461524,472.80619614319494,472.86945617073275
1.5000000000000009,-0.0422421781952,0.0556647748061,12.3438294296,0.0596552816439,6.24271680792,0.0,0.0214848577401,0.247573036168,3.34203884155,0.117488583737,-0.113128462383,0.0,491.7074904414009,490.61788617398855,490.8500524571547,492.20959738301246
1.560000000000001,-0.0401449763959,0.0716989610636,12.5460261649,0.0666058274212,6.23589343407,0.0,0.0490652377516,0.28755538864,3.39761057172,0.112331748847,-0.114937939988,0.0,434.22754300611126,434.0638585756772,434.1205962709841,433.7000057262396
1.620000000000001,-0.0362581096999,0.0902679474352,12.7515885547,0.0731672395307,6.2287318057,0.0,0.0811597550021,0.332032015426,3.45421038343,0.102628143197,-0.130115220084,0.0,435.86457329266756,434.5808983477096,434.9672902032034,434.1646664904115
1.680000000000001,-0.0302829299552,0.111657152413,12.960895957,0.0788948714228,6.22050356449,0.0,0.118776587728,0.381505142908,3.52239126723,0.0745862266158,-0.157335140072,0.0,441.30032125458916,439.0293315259365,439.3553144064977,437.0316589999687
1.740000000000001,-0.021603651226,0.136464103961,13.1785774571,0.083417001121,6.21071547298,0.0,0.17162486891,0.44586325387,3.73285610944,0.0768889640366,-0.178419756328,0.0,484.4058418409689,482.79420667853,482.59437921922535,482.77213487932966
1.8000000000000012,-0.0097853488995,0.164931878586,13.405213108,0.0881787228834,6.19998357156,0.0,0.223373235345,0.503497270621,3.82122638558,0.0838961282719,-0.179769385906,0.0,447.8768338567027,447.7364176576038,447.82335332748147,448.3979714711132
1.8600000000000012,0.00570478763967,0.197317300746,13.6411889043,0.0934594231005,6.18961407712,0.0,0.294168115934,0.576553666577,4.04366977049,0.0951771205592,-0.161680247933,0.0,488.7107646598932,490.0312990054181,488.5283124424796,489.3743981881848
1.9200000000000013,0.0253061049068,0.233835557707,13.8864621698,0.100046898107,6.17998105588,0.0,0.360147914883,0.64130182051,4.13159376164,0.129298046437,-0.158384047678,0.0,451.69227599023395,451.9339986454786,448.3532162753183,451.1269654606601
1.9800000000000013,0.0488331258602,0.274156811011,14.1348216066,0.107581874917,6.17105869569,0.0,0.424899267403,0.703402503595,4.14678944442,0.116875174916,-0.134231327072,0.0,428.2035682089275,430.23137499781996,428.3925019052596,427.34969786893
2.0400000000000014,0.0767202046445,0.318638058404,14.3868194526,0.115255168261,6.16288160241,0.0,0.505457100519,0.780002917908,4.25250328831,0.143837698794,-0.140740188953,0.0,458.55985424781676,458.0258725442769,456.67612300830285,458.83586816099046
2.1000000000000014,0.109660505669,0.367923715316,14.6455026053,0.124822891218,6.1546459985,0.0,0.593364705058,0.863736296331,4.36952172224,0.179863916797,-0.131084096878,0.0,462.64433599203227,463.38738656438613,461.3074801576766,464.1657564009225
2.1600000000000015,0.148105374692,0.422495160244,14.9115881744,0.136249950043,6.14666413026,0.0,0.688899352985,0.956404077017,4.49912585595,0.205933859735,-0.137236143642,0.0,468.9407288615687,468.44723582384654,466.8956581010595,468.95798168786087
2.2200000000000015,0.192453291716,0.482870703723,15.1853664861,0.148273889907,6.13802489816,0.0,0.790170801727,1.05729912786,4.62587826008,0.186060179455,-0.163000201197,0.0,469.4953729546696,467.47313780930153,470.84683172990214,469.34323313637094
2.2800000000000016,0.242726883096,0.549201100874,15.4643913372,0.159614340435,6.12859813988,0.0,0.886478008039,1.15469934991,4.67431739059,0.194324275432,-0.147383529894,0.0,445.7401226884429,446.9912189106789,446.9421648508917,447.6496792634031
2.3400000000000016,0.298874064451,0.621502919289,15.7457368548,0.170799061448,6.11974299539,0.0,0.985867891742,1.25634128938,4.70328944044,0.161812474329,-0.147992761237,0.0,442.5923222621162,442.52164463402323,442.6435138078249,439.9925540496864
2.4000000000000017,0.36152664231,0.700485479936,16.0309856203,0.180653537644,6.1108032918,0.0,1.10336673321,1.37726621181,4.80406450567,0.168697549207,-0.151076361568,0.0,466.25447224236154,465.9937396296834,465.5271326019322,466.0899525267397
2.4600000000000017,0.430653404967,0.786133065494,16.317943855,0.190724178429,6.10176250039,0.0,1.20159668287,1.47843320561,4.76092800268,0.166082402367,-0.149899375627,0.0,421.2546735740492,421.3337261470287,421.06433824598696,420.86667830770506
2.520000000000002,0.506934920097,0.879156471902,16.6081512244,0.200608487415,6.09252823774,0.0,1.34195744264,1.62320657119,4.91135532213,0.161909335258,-0.163428069975,0.0,484.6228012426945,483.58430270338,483.79093179646594,483.5000593104059
2.580000000000002,0.591273733325,0.980482660048,16.9044124926,0.211607169705,6.08289416338,0.0,1.47016947258,1.75517684593,4.96314083332,0.208207134485,-0.155392797311,0.0,455.7207509110621,456.33884217823487,454.18037456265176,457.90862311725914
2.640000000000002,0.683352074504,1.08979334811,17.2030425523,0.224645102714,6.07444149825,0.0,1.59982941986,1.88953745176,4.99035694079,0.23109063758,-0.121466319515,0.0,449.1146867065923,451.8393523773284,448.74661947814434,450.6460240746404
2.700000000000002,0.78306324109,1.20708541926,17.5018582802,0.238686246987,6.06706801032,0.0,1.72444407757,2.02127237577,4.96954253067,0.239302994762,-0.125902806529,0.0,435.6096931001197,435.2244345711462,436.2736566379178,437.0144343347211
2.760000000000002,0.891236064083,1.33343980182,17.8031130554,0.252864072923,6.05917103616,0.0,1.88191063061,2.1917221468,5.07089035977,0.229497142342,-0.146596784198,0.0,477.5864175930968,475.99019944746476,477.6443272267167,476.94718860000785
2.820000000000002,1.00821425896,1.4694052367,18.1069149594,0.267267351062,6.05041886774,0.0,2.01803329078,2.34150276722,5.05502922808,0.255499860991,-0.144454811614,0.0,442.72837190320496,442.8846108802079,440.47038474339973,442.6729249132631
2.880000000000002,1.13303684476,1.61406613388,18.4077539705,0.282030948528,6.04229186513,0.0,2.14333696253,2.48158996543,4.97244415807,0.209960641397,-0.121752562401,0.0,420.1635053689564,422.1090738954966,422.8214953366222,418.9406815042019
2.940000000000002,1.26501981883,1.76679199298,18.7016974901,0.294524058269,6.03447362861,0.0,2.25664352408,2.61009941398,4.82559532991,0.204491386607,-0.158844166352,0.0,400.67994448329637,397.2737123623509,398.31714027809596,397.8647153403716
3.000000000000002,1.40509837078,1.92873600303,18.9912028555,0.306532050403,6.02489207888,0.0,2.41334293151,2.78882301063,4.82355306728,0.18958090336,-0.16144313719,0.0,450.717365326609,450.48338196993717,450.99459651911786,449.82689834002974
3.0600000000000023,1.55431159292,2.1010884347,19.2789127248,0.318076585164,6.01513511605,0.0,2.56112507748,2.95695502058,4.76603681869,0.197529787055,-0.165068084316,0.0,434.0208498088525,433.6905311474039,433.33978932314983,434.04459245669193
3.1200000000000023,1.71366882216,2.28496379065,19.5669183131,0.330073420089,6.00514740616,0.0,2.7514777229,3.17290827119,4.83255111207,0.204383077545,-0.169401828911,0.0,477.24136310571964,476.88597558236785,477.27324984590524,477.83215931614393
3.1800000000000024,1.88412851846,2.48141303219,19.8570784429,0.342240048995,5.99487613657,0.0,2.9312031405,3.37606961069,4.83813356098,0.199360834648,-0.175017232923,0.0,460.78223548664334,460.31097001262873,461.2964553041589,460.9383064247204
3.2400000000000024,2.06529044396,2.68993360514,20.1466064575,0.355377736593,5.984414011,0.0,3.10821635171,3.57528720717,4.81158450344,0.242559450375,-0.17310417449,0.0,453.50477649430826,453.62986966859444,450.5750269986761,454.0989542280939
3.3000000000000025,2.25579199357,2.90895181817,20.4300053033,0.370207011686,5.97384731735,0.0,3.24252153444,3.7261277175,4.63470937332,0.255031081644,-0.182919433039,0.0,401.8280254790532,400.9033311734926,399.5524774163391,400.7564663043666
3.3600000000000025,2.45514793911,3.13792678386,20.7046148954,0.385126324985,5.96272588599,0.0,3.40336953902,3.90715459501,4.51808476786,0.231207319411,-0.19073336012,0.0,425.3358442258997,424.6307950877313,425.79429291509956,423.8151880656087
3.4200000000000026,2.66492009533,3.37861708666,20.973781457,0.399156727518,5.95095557252,0.0,3.58973573243,4.11647458504,4.45286058517,0.238635769888,-0.21017820064,0.0,446.7790335595002,445.15248402962527,445.57527419621846,446.23646327565314
3.4800000000000026,2.88658672388,3.63262736538,21.2402719275,0.413729070537,5.93894978228,0.0,3.79986151698,4.3510957414,4.42844149048,0.250212754988,-0.185172333467,0.0,461.83040585219567,463.76086560486107,463.9460043845807,464.9102624701831
3.5400000000000027,3.12032154837,3.90007711878,21.5032496284,0.428292462932,5.92771150699,0.0,3.99189789496,4.56448129322,4.33619244119,0.220356748393,-0.191944106432,0.0,443.46693945002966,442.8759474496553,444.6582663267762,442.26306323381414
3.6000000000000028,3.36607672369,4.18085635767,21.7613523945,0.441433422629,5.91688747459,0.0,4.20048631087,4.79519986312,4.26576827024,0.216195336192,-0.163897308986,0.0,453.1944332122694,455.41230557387735,454.841228723945,454.5540159689985
3.660000000000003,3.62288290149,4.47381094196,22.0112776023,0.454436092424,5.90694697678,0.0,4.36025163095,4.97043363269,4.06458099508,0.217721527962,-0.169485302795,0.0,407.9825344062137,407.4541738979482,407.32705050635514,407.5146345691313
3.720000000000003,3.89180221017,4.78006161565,22.2544967064,0.467793019495,5.89712186596,0.0,4.60403344,5.23811472805,4.0407727801,0.230932319769,-0.154236560346,0.0,475.6752108410409,476.81801572858285,476.51142967517785,477.5656654781963
3.780000000000003,4.17479718118,5.10174288651,22.494573209,0.482020888771,5.88817025727,0.0,4.82937120051,5.48486754006,3.96016450537,0.247279846241,-0.140655572016,0.0,461.26334650088256,462.3147799308845,459.05991048818163,460.40926262290435
3.840000000000003,4.47188421678,5.43887862703,22.730606008,0.498134513463,5.87937213473,0.0,5.07361510903,5.75326800001,3.90559662966,0.293358651078,-0.162584375329,0.0,474.31385585867423,472.60714624305183,473.6731526973413,477.26901547364923
3.900000000000003,4.78471760261,5.79337858436,22.9651313663,0.516048932266,5.86981899216,0.0,5.35415523041,6.06361251138,3.90908400629,0.30734873804,-0.153226391527,0.0,499.6821660396602,500.34304355595697,500.2856390901596,501.38288614779964
3.960000000000003,5.11225474539,6.16415455979,23.1951179296,0.533993770308,5.86076726173,0.0,5.56390751021,6.29597994875,3.7555741596,0.272460197751,-0.146514734979,0.0,449.29847952746644,449.8213177260186,449.45353008808695,446.7045559550263
4.020000000000002,5.45284207882,6.54943414307,23.4164179849,0.551247216673,5.85226305722,0.0,5.78903604092,6.54685793336,3.61936932488,0.307476841805,-0.133584198661,0.0,458.7418045115803,459.7496455972854,458.77177942780827,461.62336236166135
4.080000000000001,5.80727072136,6.95019101577,23.6298073163,0.570269591776,5.8437991982,0.0,6.0251396787,6.81189193815,3.49159040764,0.331365969824,-0.163418264721,0.0,468.9248721448128,466.5825687163364,466.80148519473386,468.7587073129094
4.14,6.17432210628,7.36512825423,23.8323939245,0.590767468448,5.83368961079,0.0,6.21009831169,7.01968856991,3.26002348793,0.356744709967,-0.181286547179,0.0,431.79024586466943,430.2510639305563,429.0990375897558,431.3715309540259
4.199999999999998,6.55231390678,7.79237154566,24.0204823613,0.612668571258,5.8225660321,0.0,6.38985409413,7.22206972899,3.00829010724,0.377819932195,-0.195205826104,0.0,425.6338346361204,424.40508781878117,425.44617046671283,427.39000359486664
4.259999999999997,6.94445627019,8.23566672025,24.1986242013,0.635197273182,5.81114206386,0.0,6.68127344668,7.55416703798,2.92638695512,0.370345918172,-0.182208421244,0.0,500.0463226053565,500.96158251399527,501.0502278784672,500.6347208312987
4.319999999999996,7.35198693879,8.6964629707,24.3679998806,0.658183186276,5.80008912317,0.0,6.90299874021,7.8056553877,2.71734878487,0.400805241811,-0.188559792377,0.0,457.51076919904665,456.9726870318204,456.1727380871845,458.7445370491806
4.379999999999995,7.77277585359,9.17230895617,24.5243634957,0.682380522481,5.79058351322,0.0,7.12308675713,8.05580573872,2.49262397829,0.407828812056,-0.128388768343,0.0,454.09391442624184,458.87083995435887,456.868068258366,457.5916371188176
4.439999999999993,8.20666913696,9.66310338263,24.6667612232,0.707003077908,5.78273257231,0.0,7.33961710536,8.30392602977,2.25194014673,0.41502185394,-0.136283201798,0.0,456.41514920286335,455.7691023233418,455.53520516651565,456.28044611558533
4.499999999999992,8.65448359354,10.169965246,24.7957039593,0.731600465567,5.77475445721,0.0,7.58687455903,8.5910568732,2.04353884947,0.397229888945,-0.127055633892,0.0,477.00373078105304,477.6931896511674,477.4396308429063,476.2413613769298
4.559999999999991,9.114663255,10.6911613401,24.9085347536,0.755353934392,5.76814509606,0.0,7.75223097835,8.78212751176,1.71635172956,0.393079657908,-0.0886635338873,0.0,426.35827714197336,429.6152268259829,427.5703288293635,427.38585533472684
4.6199999999999894,9.58567763137,11.2249892468,25.0027467379,0.778647056492,5.76243181568,0.0,7.94768534871,9.01184095269,1.42247261921,0.376144903846,-0.113439686998,0.0,450.0033206837023,447.98431199965563,448.88227060536224,447.6596035270036
4.679999999999988,10.067620542,11.7716818516,25.078160688,0.800855098243,5.7556891646,0.0,8.11673280865,9.2109441625,1.09016513727,0.354114974315,-0.110335374635,0.0,433.57611991914587,433.82542775575,435.1423018633836,433.43757769601996
4.739999999999987,10.5568535141,12.3268206732,25.1301087325,0.822418432382,5.74873819538,0.0,8.19135509951,9.29403482663,0.641792786475,0.368243798965,-0.130130363067,0.0,370.76618962479785,368.79966265266813,369.12556723436404,370.6790743400108
4.799999999999986,11.0536108711,12.8907043518,25.1586226583,0.844241341752,5.74058546983,0.0,8.36678102712,9.50145234571,0.307385838467,0.352669169725,-0.150983637522,0.0,438.9974196102152,437.24501040863566,437.62214055582115,436.4618328908053
4.859999999999984,11.5618422963,13.4681766193,25.1679478999,0.865626455954,5.73124732756,0.0,8.57360139177,9.74651236653,0.00169693853547,0.363005725745,-0.167086800786,0.0,458.41719177848165,457.1127731624902,458.7018189918042,459.64848678031893
4.919999999999983,12.0816023046,14.0591986035,25.1577977088,0.887860298856,5.72164053019,0.0,8.75121035902,9.95323833194,-0.341435436204,0.382478960758,-0.148929849626,0.0,442.50194954867663,443.9701867295498,443.46776554725386,445.2061442482372
4.979999999999982,12.6091589275,14.659038349,25.1240473024,0.911252035265,5.71262863153,0.0,8.83407277072,10.041275828,-0.783629570776,0.401553709921,-0.152860700885,0.0,386.30723326698967,385.91118187491884,384.4181910398596,386.40431838418834
5.0399999999999805,13.146113687,15.269565221,25.0679298901,0.935573750068,5.70411177156,0.0,9.06324958273,10.3079541327,-1.08918802068,0.412037735007,-0.126107327015,0.0,473.4732401935284,475.510168434201,474.1618586436885,475.1258319465807
